Gene	baseMean	log2FoldChange	lfcSE	stat	pvalue	padj	rpkm	General
Gldn	6688.700443212623	-9.138463672958045	0.6898129636738077	-10.34840463846895	4.255170834314363e-25	4.990889871567317e-22	8.510052634824843	FALSE
Zic4	720.8562972028351	-7.652894633579818	0.6827646479861241	-8.279419050552105	1.2377764088470032e-16	4.0327443053795836e-14	7.175054222835893	FALSE
Cd22	729.7982382730705	-7.5374447705370065	0.6285469130918299	-8.809914829265884	1.2524097931012208e-18	6.120631026368424e-16	7.231017850103334	FALSE
Clip4	2924.1607316300992	-7.417477152953198	0.6142588609302078	-8.819534397516382	1.14936637769811e-18	5.861268801748319e-16	7.2562084639002276	FALSE
Hpn	540.8690794455256	-7.346936309154587	0.6318442906424793	-8.462427196608285	2.6186922106563582e-17	1.059125549613394e-14	6.28402299964234	FALSE
Baiap2	5683.826911437705	-7.296386147695708	0.9491509220277824	-5.580130646009823	2.4033799424240244e-8	2.01351738176367e-6	6.96523310853871	FALSE
Eln	1563.6018920015345	-7.096342847313957	0.5402213925246485	-9.4338042103385	3.954793049248273e-21	3.0923845116421992e-18	7.106347140904207	FALSE
Fam124a	3007.8834907590513	-6.980261741331696	0.4854884009657929	-10.258250725299206	1.0865717718781917e-24	1.158581846578119e-21	7.572254381926317	FALSE
D630003M21Rik	3181.885702675019	-6.776846633586514	0.5277991441596191	-9.050500908243006	1.4231398689733136e-19	9.818827954816468e-17	7.8782202388895595	FALSE
Itga2	2350.331399339781	-6.5484788432495415	0.600110132844086	-7.5794068360303415	3.4713836833461026e-14	8.662948770631156e-12	6.358587319793298	FALSE
Colgalt2	2944.2609858809687	-6.544762469794358	0.4845174470210017	-9.379976918761734	6.598717209422613e-21	4.837272134332364e-18	6.752623385990459	FALSE
Pde1a	8140.3835448025475	-6.514169478891992	0.5944568360861034	-7.593771666607838	3.107257369370668e-14	7.922830801162733e-12	6.227004736010061	FALSE
Ephx1	1182.8521978397594	-6.408748026959422	0.5470237894059479	-8.059517908256232	7.659592107268034e-16	2.191203800637726e-13	6.973079747791846	FALSE
Lrp2	2181.3807455538245	-6.345642386764111	0.48408435062485256	-8.977035471513979	2.7816023004912506e-19	1.631270669123094e-16	5.112949004680803	FALSE
Hs3st5	4315.582153222221	-6.225203236424078	0.4691614800251384	-9.005861342661134	2.139794249049603e-19	1.3209287761633048e-16	5.806020568654902	FALSE
Vstm2b	1443.3211661044331	-6.176233935234395	0.6317822917786404	-6.61024215078449	3.8369187967949254e-11	5.6254025709509604e-9	7.03230748730826	FALSE
Grb10	1379.6417465137165	-6.135846929107209	0.5927104382454419	-6.977854045139241	2.9972278926703245e-12	5.670078379537136e-10	5.159891133761986	FALSE
Hhatl	7098.849075886418	-5.957305566111097	0.5761584947157142	-6.868432215103754	6.491130339833657e-12	1.171299503937061e-9	11.235994481166145	FALSE
Man2a1	16983.43355704407	-5.938074294483977	0.639061694366766	-6.162275613133314	7.170690114551523e-10	8.410502435357481e-8	8.253178251918948	FALSE
Necab1	1214.0395251229959	-5.845972912174245	0.5018850249970149	-7.663055721172633	1.8156052486488093e-14	4.732274213644863e-12	4.745106910961952	FALSE
Ppp2r2b	32053.295510376814	-5.84146675596311	0.4534344743213508	-8.471933594622644	2.413527211792461e-17	1.0110093095397777e-14	7.993192063803179	FALSE
Rai14	862.228863702221	-5.776312129029255	0.5584041443909613	-6.762686428747753	1.3545620520857509e-11	2.1763915491662704e-9	4.4262331549652085	FALSE
Tcfl5	416.2639879365787	-5.752286905456518	0.7251377953048678	-5.174584651016507	2.2841853372271983e-7	1.5017830171772763e-5	6.054818404339839	FALSE
Ajap1	876.7431061136492	-5.74225386258046	0.5347590670369851	-6.9980185344321395	2.596077550065526e-12	4.991703866347304e-10	4.565242695813724	FALSE
Plppr1	3581.2732720125514	-5.7280554939635815	0.5363887887274459	-6.950286009534607	3.645463782107998e-12	6.786927730213445e-10	5.456661085500443	FALSE
Trim66	424.1756245252404	-5.69013723556581	0.5683839164606378	-6.492332257648186	8.451760125331958e-11	1.1801273155954587e-8	4.709861380649775	FALSE
Whrn	2186.690628064798	-5.682539787553637	0.6116945743331933	-6.0202263385578725	1.7417334590520873e-9	1.8571628855656302e-7	6.144333743412394	FALSE
Slc13a3	1639.050321007042	-5.673421503067314	0.5115656985634914	-7.180742401968139	6.933388087991544e-13	1.4521733729295147e-10	6.010280304221145	FALSE
Shisa7	565.57070534378	-5.479897778929992	0.6448802295972094	-5.39619237684419	6.806996160024694e-8	5.184367400060366e-6	7.148943946357343	FALSE
Mcf2l	1428.3102567763885	-5.464714240994747	0.5539445996934321	-6.254622290590454	3.9847911832773317e-10	4.8685016446520645e-8	5.305231623402278	FALSE
Cntnap4	6316.1970219653385	-5.420126724484834	0.47100340229914445	-7.261363097994433	3.8320873099373705e-13	8.323435566343595e-11	6.370064857720883	FALSE
Prex2	5364.854451947029	-5.411428200320607	0.46906324910767827	-7.272853302428472	3.519724945404385e-13	7.939010362432315e-11	6.115943991155738	FALSE
Slc39a11	7333.00475189457	-5.373081086251017	0.6150302936361397	-5.484414542101527	4.148409611555147e-8	3.2876146171574537e-6	5.743387137399887	FALSE
Kcnh8	7514.247842269374	-5.347951597508373	0.5193339362572845	-6.446625887066536	1.1436762617999471e-10	1.5597882412385558e-8	6.160275137604733	FALSE
Aass	559.1308948458237	-5.339006882730387	0.6534361647713793	-5.10992054426406	3.222943258852306e-7	2.0323602947891774e-5	4.999752566790681	FALSE
Cemip	1312.5653916118204	-5.329125764707529	0.6041303147112955	-5.510608694249131	3.5759490442504795e-8	2.8869408451638713e-6	4.688393129807377	FALSE
Snph	1472.834925909391	-5.316332969787775	0.6007898851210483	-5.51995473279247	3.39087003042365e-8	2.7812247962824473e-6	6.979997603562982	FALSE
Fam196b	1565.0630330073934	-5.282679270581694	0.5354009305371372	-6.131254324284362	8.718889505238214e-10	9.833062981436443e-8	5.631178560601747	FALSE
Prune2	10840.389715328392	-5.264111433071387	0.495627170567694	-6.585820202981723	4.523810033751694e-11	6.470703400716295e-9	7.078322874710697	FALSE
Galnt15	508.4204796376058	-5.239896352444798	0.5975468959688771	-5.421995117540608	5.8937492482389014e-8	4.518155877947325e-6	5.072838608055982	FALSE
Syndig1	2220.581443647723	-5.181828491719409	0.5010641416897305	-6.350142081589356	2.1511615243616415e-10	2.8034415021375215e-8	5.3456245621530165	FALSE
Shroom4	5695.886102939475	-5.137479442678146	0.5167885661010673	-6.07110847352717	1.2703034321281103e-9	1.3669164179294133e-7	6.510536258960343	FALSE
Fbxl7	6889.6523718764765	-5.121356431710486	0.5083781986030996	-6.139831409543561	8.260910699563605e-10	9.499237411292306e-8	5.8165817676888265	FALSE
Myh11	721.142138340665	-5.097312882169586	0.5378343609080892	-5.758860175724041	8.46838116138311e-9	7.651153242552575e-7	4.103530017938834	FALSE
Cpne2	1395.098961927026	-5.085699392978559	0.5202215413001577	-5.931510227866881	3.0016086137938326e-9	3.0613797766250315e-7	6.48346827722197	FALSE
Slc35d2	886.6025601231148	-5.060452835442137	0.5950530217884935	-5.143159892279228	2.7015550653011857e-7	1.7315048831102515e-5	5.590797151150188	FALSE
L3mbtl4	2595.2880329989694	-5.054812466379035	0.5029761774239304	-6.07347346354399	1.2517269228253306e-9	1.3593986183165095e-7	4.501284819533575	FALSE
Atp2b4	1337.5969538147076	-5.040171426806063	0.6328789776876879	-4.803716877931	1.5574701703852856e-6	8.698841727832865e-5	5.204094863898662	FALSE
Rgcc	833.4078472612273	-5.039455779533079	0.5252975981499208	-5.786159674511996	7.201376514167039e-9	6.650783081469701e-7	7.8249413510219785	FALSE
L3mbtl1	423.0759103851098	-5.0156700155247655	0.630730252639011	-4.7812357230480576	1.7422092798537202e-6	9.638855020473718e-5	5.47240508006115	FALSE
Pde5a	1192.2566257396893	-5.010965004095955	0.5811899083438061	-5.180690443638609	2.2106609586895882e-7	1.4766219162038781e-5	4.918788438340967	FALSE
Col18a1	695.6739846682307	-5.007906248339812	0.5587758010434716	-5.383028833250786	7.324280036813151e-8	5.506825676396246e-6	5.400883201883385	FALSE
Tyms	475.57455106835005	-5.005979811025856	0.5773007597171305	-5.206956270937086	1.9196330791686018e-7	1.318514937580988e-5	6.765140568712493	FALSE
Ak5	5404.468860300036	-4.9689701375337885	0.45798483548608804	-6.482682192703246	9.010617187865757e-11	1.2433591646644408e-8	6.153871816221476	FALSE
Col9a2	537.9264732474278	-4.881788153147532	0.5647445754413549	-5.102816881234103	3.3463476721974566e-7	2.0988936816686613e-5	6.865772168034493	FALSE
Ttl	1341.8908989393005	-4.814271699809292	0.5879932167151429	-4.786231575138534	1.6994196347354241e-6	9.446679097541132e-5	6.248295235495982	FALSE
Dpysl5	3664.2484537460136	-4.7958490859605645	0.46880715845979165	-5.9637508419154335	2.4651254325093908e-09	2.5587129378674904e-7	7.026182179160809	FALSE
Piezo2	4197.822907872417	-4.772203234257446	0.48637529426126314	-5.699720497662282	1.2000401630848309e-8	1.066308414607726e-6	4.985567350990731	FALSE
Capn3	1744.0396605723408	-4.630553578430004	0.49096584309138297	-5.357915658381925	8.418752134782026e-8	6.171471486803649e-6	6.891064572459516	FALSE
Arfgef3	3158.7602146702884	-4.623930775430663	0.48670558680232007	-5.391207429259276	6.998583165932551e-8	5.295895609885348e-6	5.97115548895121	FALSE
Rhobtb1	931.7218589034178	-4.615717730177555	0.5034971541423989	-5.195099334042667	2.0461055773855123e-7	1.3952774602996902e-5	5.485443909495519	FALSE
Ttll11	4998.677566675818	-4.525317152770099	0.5066806880149403	-4.98404066407922	6.226998391871389e-7	3.707434727830433e-5	6.016315796171868	FALSE
Dlc1	5887.644297285696	-4.523882042533025	0.4978103064150043	-5.069967435404936	3.978837749865958e-7	2.469195130591419e-5	5.593499761085236	FALSE
Pld5	3626.897613079621	-4.410499694506982	0.4713436508521812	-5.114102396730794	3.1523632956826586e-7	2.0094602769055383e-5	4.893812689444218	FALSE
Cacna2d1	3095.44124312613	-4.346144882272904	0.4750494026389681	-4.938738727466513	7.862947770661875e-7	4.634397708647896e-5	4.481171968883437	FALSE
Arhgef28	4800.126599740141	4.492046416288722	0.513608392120468	4.852036015221898	1.2220042438056354e-6	6.957712512425387e-5	6.932642642566094	FALSE
Arsg	2375.6078541551196	4.531788433195017	0.4953742670214582	5.110859811951733	3.2069589655368246e-7	2.0323602947891774e-5	7.541821242141329	FALSE
Tle1	2434.091816770885	4.567196383323146	0.5115238934112153	5.018722324392715	5.201627116849045e-7	3.144839404820745e-5	7.831510297444096	FALSE
Adamts20	1142.4601197005056	4.590058284351005	0.5144089121912975	5.03501829569356	4.778031959759198e-7	2.9495545713692433e-5	6.062002580753527	FALSE
Epha4	720.1505290976631	4.6343419078990165	0.5086383247260187	5.179204514952785	2.228340686913517e-7	1.4766219162038781e-5	5.261442800538936	FALSE
Rcbtb1	9457.740019810764	4.7679346811390255	0.4735271392426805	5.845355950592035	5.054861990497444e-9	4.82020132410931e-7	11.013278163103685	FALSE
Gdpd5	515.5441514226495	4.81499697332523	0.5711193731303464	4.928911722773522	8.268892380752108e-7	4.825166106161268e-5	5.656442546350141	FALSE
Skap2	1819.6486549888255	4.93889506772304	0.49665947148740464	5.917324115296915	3.2722147732199554e-9	3.308604058198005e-7	6.538222551016257	FALSE
Sez6l2	1839.9254075654715	5.039098638028476	0.49552425390409566	6.133097651798629	8.618420833448801e-10	9.81412213160398e-8	9.508411258459695	FALSE
Shroom3	2592.190657233395	5.191834442790104	0.6122923048277481	5.212925946681692	1.8588511485551105e-7	1.2900866935741357e-5	6.19175321038146	FALSE
Jph1	3063.4110119602456	5.196683419346819	0.6207679874345184	5.149562290668251	2.6109505317098337e-7	1.6826285047486067e-5	7.887899609114572	FALSE
Kcnq3	14237.042030512368	5.248653151117505	0.6269980863637125	5.181280807343659	2.2036744415760086e-7	1.4766219162038781e-5	8.563308316486427	FALSE
Il18	1166.2348035035077	5.258563218929347	0.4947038828261006	6.586896388025328	4.491154597665011e-11	6.470703400716295e-9	8.425683557410926	FALSE
Bfsp2	1048.6577785063848	5.67543750322145	0.590761173896156	6.221528539158056	4.92334579609677e-10	5.892441106369287e-8	7.242484445347957	FALSE
Fah	621.812452692385	5.986070745487247	0.5666603430589526	7.034320990188924	2.002336850372597e-12	3.9142348196700316e-10	7.911169950367741	FALSE
Rnf43	1372.0563715377514	6.006960078973835	0.6853687973041145	5.846429097348958	5.022374938752564e-9	4.82020132410931e-7	7.25259225319814	FALSE
Pla2g4a	723.0460618085482	6.007218720378742	0.7736586570675359	5.179569418337079	2.2239864163359798e-7	1.4766219162038781e-5	5.468271542657677	FALSE
Mbp	150488.3214573665	6.030417646141522	0.4964961647831794	8.117721609997957	4.750168845136262e-16	1.4285828303744413e-13	13.38270785181627	FALSE
Pter	455.9550776759815	6.0763737151269295	0.60940169252949	6.689140783654235	2.2448469485797166e-11	3.4194558259599344e-9	5.524461458621737	FALSE
Tenm2	4414.193034817669	6.313718157537726	0.4830838059778811	8.92954411668943	4.2776790282626015e-19	2.389185586785336e-16	5.2437664704126465	FALSE
Adamtsl4	490.69944527860787	6.355311458505379	0.607016854303316	7.174943212250749	7.233720581215422e-13	1.4884966438083454e-10	8.397357255028272	FALSE
Pls1	3390.0779052009243	6.361880203086217	0.5889752865089207	7.405879844196402	1.3028375769635897e-13	2.9962709686678324e-11	8.206882253024464	FALSE
Cobll1	3855.044836950598	6.604597429460731	0.6855556513712318	6.716591746054061	1.860242017959587e-11	2.909170483819733e-9	7.695953412914182	FALSE
Galnt5	1865.740944315423	6.6080160132128105	0.7317363014499473	6.297372433323251	3.027333134164655e-10	3.901933003364532e-8	8.298022562610832	FALSE
Kndc1	6881.148122509344	6.756377053911243	0.6937747038757656	6.85579486732478	7.091707929124711e-12	1.260282459101572e-9	10.215643515722816	FALSE
Asah2	512.2164438169696	6.770685521448973	0.6416978346834783	7.434473460241837	1.0498530308428205e-13	2.4627452397510884e-11	5.757402304538143	FALSE
Efnb3	1195.3807736548845	6.880687875499933	0.803234525384221	6.076292441694154	1.229930205224708e-9	1.3482104090729534e-7	10.626695486947511	FALSE
Rtkn2	936.5670890966538	7.1590193267447955	0.7277647353839757	7.088855884206655	1.3522525203946657e-12	2.6882321714761074e-10	6.563267639817526	FALSE
Insc	2158.109249386268	7.393537331804107	0.5466658740524714	9.866241131573565	5.830881505794655e-23	5.699200765122125e-20	7.389162681656412	FALSE
Pkd2l1	1141.535771605047	7.460669775697817	0.6259685830513154	8.723552465012713	2.696070869046845e-18	1.2648886089220178e-15	7.692962049697117	FALSE
Il33	1789.731936333672	8.22552683854797	0.600665148004309	10.364388310578839	3.6005471679834595e-25	4.692313081475332e-22	9.078721826905793	FALSE
Kcnk13	4162.3521092777455	8.4415916825066	0.5308290141972056	12.134965328239417	6.893919838081622e-34	2.695292859361978e-30	8.430697322635776	FALSE
