Gene	baseMean	log2FoldChange	lfcSE	stat	pvalue	padj	rpkm	General
Ccnd2	818.9474662152298	-8.80942822589335	0.7218461117890419	-9.433351672445376	3.971898825265675e-21	1.636422316009458e-18	7.714755683901798	FALSE
C3	1082.8698368499508	-8.273475862569116	0.9760838875600943	-6.4271892431816	1.2998496096149664e-10	1.093704446174621e-8	6.231471010822725	FALSE
Smtn	3359.2849535198984	-8.2530416629808	0.7434682994434986	-8.4106365633361	4.0779146370099907e-17	1.082731646288786e-14	9.742393297272432	FALSE
Rgcc	1015.4274183024115	-8.095626296169714	0.5904377556932189	-10.323910077554212	5.493919426998339e-25	4.688667808126869e-22	9.276319755664616	FALSE
Lmo2	443.7771277846262	-8.084087852443206	0.7805314840724157	-7.79480133293219	6.45098923827348e-15	1.1503943196849483e-12	6.620823645428152	FALSE
Lrrtm4	18621.324570523397	-7.837906492559359	0.4921980071213854	-11.860890146025358	1.889555198305025e-32	7.525468503116146e-29	7.565196656278341	FALSE
Fign	1691.9856035455382	-7.798136803631797	0.5375767674151857	-10.785690816794046	4.0220986749929484e-27	5.339559440979528e-24	6.655368238995413	FALSE
Fam198b	584.409300544302	-7.566528475222602	0.6133312195480682	-9.075892923442387	1.1274917862225887e-19	4.209772456808591e-17	6.633648320237393	FALSE
Vat1l	8231.166148404605	-7.541357969461722	0.5390460921645837	-10.279933478805024	8.678748071610695e-25	6.480855122475286e-22	8.311647303814627	FALSE
Lrrc7	6703.5818498662275	-7.498732557741473	0.5405412113875345	-10.172642606891305	2.6268348297215107e-24	1.6518643445006637e-21	7.234316582597207	FALSE
Mal	462.72235952932215	-7.433268151580404	0.6899215057972644	-7.875197549178858	3.4020489130831097e-15	6.556077486051129e-13	6.968002716899077	FALSE
Il17d	966.5346540753345	-7.382428126438138	0.5594282605937637	-9.621301792521813	6.500321367967963e-22	2.9871476809415855e-19	8.628151132524334	FALSE
Trim66	872.7204688737278	-7.146809803142361	0.713370435162339	-7.214778675220989	5.40217677825479e-13	6.952341292534277e-11	6.497240424728517	FALSE
Kcnt2	1951.0058825011652	-7.137422904732094	0.572251729696332	-8.97755766934648	2.768435603473116e-19	8.939802321701835e-17	5.295712939963883	FALSE
Serpini2	675.3888698557876	-7.120466322405937	0.6874650411834431	-7.448329755926589	9.45293085355365e-14	1.429666048585557e-11	7.373230465253024	FALSE
Prrg3	443.59235170119706	-7.063798121030203	0.9609299642781017	-5.269684898247896	1.3665815088901867e-7	6.735106567056121e-6	7.699659638972253	FALSE
Golga7b	556.2556040720989	-7.030029410113179	0.6877927820295443	-7.313291941317745	2.606758045478704e-13	3.4994994525145565e-11	7.687527865487929	FALSE
Grm5	6978.509782318894	-6.907426865059414	0.4620103284973082	-10.621898607810033	2.357173609652055e-26	2.8163510288122753e-23	6.68762815537704	FALSE
Tub	447.79690448229763	-6.900232391783628	0.6856299534724083	-7.147051214676587	8.866180596439484e-13	1.1150855343816732e-10	5.662674118823389	FALSE
Nrg3	18303.522738200205	-6.83931074489966	0.4933656937541385	-9.808770261418418	1.0321873714732172e-22	5.361989006244348e-20	7.006073384055098	FALSE
Col22a1	4087.4588170478996	-6.795464148200141	0.5025998525579048	-9.541316265403506	1.4103078415606374e-21	6.240873367024628e-19	6.604978103493189	FALSE
Tmem108	9587.793880102108	-6.791497672302644	0.46826474287290887	-10.232454493382814	1.4187711080669599e-24	9.971457175990611e-22	7.72361108331801	FALSE
Mrvi1	1127.8360127479189	-6.765473539935568	0.6511931440338462	-7.318064668825628	2.5157263163740463e-13	3.454930807820357e-11	6.088598594186141	FALSE
Lmo3	1377.6761339688126	-6.746364822101138	0.6190257880552029	-7.667475109579556	1.754150486869214e-14	2.8710397283716945e-12	7.50078637671098	FALSE
Frmpd2	1221.8236758541248	-6.731848975118419	0.5989533010472263	-7.900196838125986	2.784633283395973e-15	5.545133078335848e-13	6.224686174348188	FALSE
Scn3a	1545.981102683982	-6.625065215058206	0.589241150590798	-7.849189097572227	4.187358533100819e-15	7.941358691029933e-13	6.56309397460778	FALSE
Inpp5d	1107.799990478441	-6.617860086906361	0.9367921732099878	-4.929439227788295	8.246598277209603e-7	3.306387792486589e-5	4.471933843472014	FALSE
Pdzrn3	2787.9155701418713	-6.602234542339951	0.5091981839874592	-9.03819904914134	1.5927414399278907e-19	5.597080801252482e-17	6.491620883315061	FALSE
Clvs2	440.0394876392775	-6.550699999853012	0.7401699068684362	-6.148182947759169	7.837560383437967e-10	5.8163460534979396e-8	5.262572592249292	FALSE
Aif1l	444.1302130804207	-6.546099013958793	0.5847645053862812	-7.774238983530217	7.590232384263042e-15	1.3143202395242729e-12	7.078106411164728	FALSE
Shtn1	1225.761986282944	-6.455748783595047	0.5504494203854711	-8.094746980521402	5.738350164667554e-16	1.2696631068045913e-13	6.283915054612322	FALSE
Dgkg	11218.551222796448	-6.416592978169844	0.5447778666870391	-8.107144669860576	5.182314489196757e-16	1.1682696889985443e-13	8.553901202666491	FALSE
Dlgap2	683.0333820396564	-6.400967665196494	0.5290331263123003	-8.31888864100828	8.8791923283603e-17	2.257204041260614e-14	4.746848017170078	FALSE
Asb18	425.2738752007739	-6.381155484118077	0.6475223808405911	-6.766029428095771	1.3236463308720157e-11	1.3752109879355517e-9	5.6317455629184305	FALSE
Ryr3	6980.775344217377	-6.375341686863109	0.644928161991988	-6.784231089163485	1.1670639493924125e-11	1.2256830116724248e-9	6.2525101277757456	FALSE
Prkar1b	1519.3907308889793	-6.325328451009577	0.6559880096304584	-6.593609010393634	4.292612987238124e-11	4.203945899305009e-9	5.880246206839144	FALSE
Adamtsl3	1745.4682042647853	-6.311436078279085	0.526780138670752	-8.184507656568687	2.734191583485403e-16	6.53362420789672e-14	5.149016786869273	FALSE
Sntb1	1805.7820798579862	-6.283230457306995	0.6776554782923593	-6.320660858671744	2.604470563363986e-10	2.0884707577901282e-8	5.316132274213027	FALSE
Adamtsl1	5421.439850512179	-6.241457729707573	0.5080034987584382	-8.349268735498292	6.868689501076682e-17	1.7840674382361785e-14	6.600829270972131	FALSE
Prkcq	2171.132862374284	-6.216343339480777	0.573206436866555	-7.355715268184192	1.899074359899788e-13	2.7012071966765078e-11	6.683628426364183	FALSE
Lrp1b	16354.037565296734	-6.1868078402921824	0.5146591182912587	-8.135108640828086	4.115690976427115e-16	9.456591497375225e-14	6.0495586541742785	FALSE
Masp1	506.68453493711223	-6.186678361681366	0.693330568261303	-6.038502488330339	1.5555102959031577e-9	1.1195925912922246e-7	5.9383923971802925	FALSE
Sh3bp2	452.3414840934615	-6.178338914918503	0.5661475714732579	-7.38029998794381	1.5793327085203558e-13	2.273477976072435e-11	7.324195456472676	FALSE
Ntng1	3419.9038547916316	-6.167877841979048	0.541561294477679	-7.6960408442757196	1.4034696484994433e-14	2.3617824451086406e-12	6.219364935865684	FALSE
Pdzd2	5462.816704439469	-6.136696425199202	0.5339819354590571	-7.746884586353917	9.417447895607666e-15	1.6074238208102914e-12	6.415445813839708	FALSE
Fam196b	823.95951295649	-6.01771394713303	0.6261204849066763	-6.416838362558723	1.3913350810508195e-10	1.1624945138737894e-8	5.689289455787625	FALSE
Ndrg4	4135.401066966493	-5.970800907676934	0.46102881394899226	-8.612912658678768	7.12273592544077e-18	2.1275612209291582e-15	9.397968884427343	FALSE
Lrrc3b	996.9236890868385	-5.889025325370914	0.5312781230140848	-7.3201307505519315	2.47729462205673e-13	3.4417111795736985e-11	6.51815931983502	FALSE
Lama4	4579.45802055092	-5.87137228669694	0.6003629065301493	-6.448386874985131	1.1304689510401293e-10	9.717153256854292e-9	7.705173802824072	FALSE
Ano5	410.5105807917043	-5.871068759441454	0.6607347469053626	-5.858733444203002	4.664106305930173e-9	3.0619089089699843e-7	5.035513121502871	FALSE
Ncan	1830.9629883943026	-5.8510220806471525	0.5256091231787698	-7.326779370489247	2.357494573753187e-13	3.3138053137885976e-11	8.42596307975803	FALSE
Faim2	2764.7441084832344	-5.805127524306449	0.5124973411782552	-7.424677590635463	1.1305496057233318e-13	1.6676304554546135e-11	9.20448443937957	FALSE
Etl4	4282.383227091487	-5.785051427969363	0.613075623969036	-6.173873629920297	6.663680967719168e-10	4.976103762644288e-8	6.351343774996293	FALSE
Gas6	560.1510477810042	-5.7305170969099946	0.780418006645895	-4.780152514603204	1.7516226361584867e-6	6.560622964520877e-5	6.111647424120669	FALSE
Efemp1	2103.9558805914257	-5.699631181924837	0.594297773639908	-6.225214607932365	4.808972847969217e-10	3.7069424250023356e-8	7.9574315110271705	FALSE
Grik3	1929.174068099685	-5.662193807043086	0.5264844010706909	-6.95593981435238	3.5021936367439373e-12	3.985162816363482e-10	5.927308394599654	FALSE
Mgat5b	549.3843939206373	-5.640379446819008	0.6361997914346804	-5.722069538265121	1.0523421591273476e-8	6.514706796504429e-7	5.620851830182465	FALSE
Dock2	1482.2893123253011	-5.581970430428588	0.48055005630483105	-7.453896599184683	9.062303241919663e-14	1.3881589632622581e-11	4.738138955339242	FALSE
Stk33	447.33054537920765	-5.577553638398723	0.5413607761548708	-6.608446337411168	3.883742651517359e-11	3.834955140523091e-9	5.427162782273175	FALSE
Rerg	888.9635951043741	-5.567310186522742	0.5741360630192283	-6.213353273374277	5.186566262673489e-10	3.972377801693772e-8	5.9369392322010395	FALSE
Angpt1	1739.4169241763807	-5.553416604188756	0.49253518624557996	-7.214543657835257	5.411514397436289e-13	6.952341292534277e-11	5.774697928598322	FALSE
Plch1	2428.8998003186475	-5.526446628699574	0.5109925423542193	-6.901170440673567	5.157580583364736e-12	5.813469133022818e-10	6.617709957179766	FALSE
Elmo1	6023.871861538136	-5.453554944902567	0.46690300501728926	-7.396728887565595	1.395801152808661e-13	2.0337844114338882e-11	6.334624143306589	FALSE
Dcc	2625.9770992421777	-5.3724771645748985	0.5095178777944616	-6.618957472450749	3.617408920206222e-11	3.6017334815519946e-9	4.123581184262198	FALSE
Apcdd1	1035.57788467696	-5.317634908029155	0.5846210715720195	-5.674846613222793	1.3881297954221467e-8	8.334359193821009e-7	7.716315510917948	FALSE
Syt17	488.6004443145081	-5.294602976193881	0.6017665215760001	-5.474885787207737	4.377938821199905e-8	2.4227143786663875e-6	5.214630720458492	FALSE
Pla2g5	426.5186362916048	-5.256919315221515	0.5978137774093001	-5.448049941799229	5.0925060791682183e-8	2.753179304701442e-6	7.248067782093871	FALSE
Plxdc2	4714.010500808801	-5.246242081848929	0.6249826270198675	-5.194131711033521	2.056774951205866e-7	9.599354342581128e-6	6.021621704262187	FALSE
Rgs6	4977.75136090053	-5.23413841333388	0.5670301278256311	-5.7036447529440935	1.1727235835837557e-8	7.185487885466008e-7	5.7988929742110775	FALSE
Fam135b	2939.274683986922	-5.232105326290563	0.46184621214106875	-6.998228504044398	2.592190809156469e-12	3.006941338621504e-10	5.978900948013106	FALSE
Fmnl3	726.1255295265936	-5.2290756983658175	0.6108548416189392	-5.286158802978213	1.2491146745699786e-7	6.244528088603391e-6	6.143384843879211	FALSE
Myo1f	455.77863015217434	-5.2150248281194855	0.6588282135371314	-4.879913704452014	1.0613226952188009e-6	4.185044080024499e-5	5.81893231031933	FALSE
Pde5a	1300.813273302966	-5.205176032133726	0.5669826533832643	-5.6530407288618	1.5763393469056677e-8	9.277883013216215e-7	6.118296265585561	FALSE
Dpp6	28919.494247705752	-5.168773607210745	0.4229459403509196	-7.492148061715885	6.775542406925808e-14	1.0513529958175267e-11	8.103230561863597	FALSE
Fstl5	2852.0276140153264	-5.136130208708904	0.5231216089558571	-5.995030897248869	2.0344675748600853e-9	1.405076218753081e-7	4.868666641680516	FALSE
Arhgef28	3636.7401993941203	-5.102869131395148	0.4733905124024957	-6.554565522760126	5.580410908334243e-11	5.311277681710157e-9	6.479035257904502	FALSE
Pde8a	1732.063373000073	-5.006261297026784	0.4625987009811967	-6.49863756783221	8.105065987816477e-11	7.226815553912782e-9	6.429682569193941	FALSE
Galnt13	5932.042640464397	-4.988337719449976	0.4333466419134282	-6.895952178734018	5.350519363336209e-12	5.97457993954589e-10	6.540846475485125	FALSE
Ldb2	1593.6827756432378	-4.975311922426411	0.586074899879047	-5.0766752219561875	3.8409658422723496e-7	1.6507863267435265e-5	4.805710607682612	FALSE
Runx2	576.2109792951893	-4.968118496096647	0.6220062891334028	-4.771846439417703	1.825446614985408e-6	6.815761298701768e-5	4.210564964595408	FALSE
Dscam	2651.5676028920257	-4.951643353381495	0.5115219800487439	-5.770315780174739	7.912312089909725e-9	4.949544756557141e-7	4.6255271211451845	FALSE
Rftn1	1901.2955023148518	-4.948746931170625	0.5728345752544706	-5.147641323606735	2.6378225806403345e-7	1.1983537716156166e-5	6.185134854460873	FALSE
Vav3	1834.5512411787668	-4.944002904130049	0.5199551087290948	-5.6620328461161895	1.4959018104521153e-8	8.892057129990982e-7	5.164440764611584	FALSE
Slc7a11	1746.602891456338	-4.930109993112161	0.556931929587551	-5.261163595490248	1.431465968138586e-7	6.952502189967409e-6	7.32308505677762	FALSE
Cemip	1556.0593555713697	-4.86328946319194	0.5822483881079912	-4.917642576042439	8.759265676103193e-7	3.4885235432693654e-5	5.956878295779033	FALSE
Snca	561.7834009085924	-4.819457770592097	0.5486714725117526	-5.138699407288217	2.766465218121445e-7	1.2379672818769673e-5	5.291345274049754	FALSE
Ppp4r4	432.44229821584105	-4.810550451063892	0.5610260756848064	-5.009660999505671	5.452599579654621e-7	2.25653201315381e-5	5.029065809042665	FALSE
Crmp1	1982.836596991392	-4.7561549293255405	0.4595745290858864	-5.997188170562132	2.0076337943641695e-9	1.3946051497129707e-7	7.7625122163720075	FALSE
St8sia1	2843.9305166544	-4.740491923049353	0.524537890183172	-5.224583341524395	1.7454769820646002e-7	8.308748598289976e-6	7.190470924326798	FALSE
Alk	2723.797062408634	-4.724730918342693	0.4664542509892411	-5.841367963876782	5.177390469857101e-9	3.3619272464050353e-7	4.8635585468326425	FALSE
Matn2	1740.5278492971456	-4.713038438479611	0.5600767829823559	-4.844047317999753	1.2722061370067149e-6	4.951243949497143e-5	6.214069370323079	FALSE
Srpx	1039.6256870360464	-4.711869374801165	0.5243869562566417	-5.171504253576326	2.3221698553201392e-7	1.0671263627448085e-5	6.7728046793224514	FALSE
Ephx1	489.6379865894266	-4.694940873319223	0.509545514037276	-5.2889109982863545	1.230467418067793e-7	6.177153239947055e-6	6.78332440557043	FALSE
Col27a1	844.7273186692809	-4.6882409286217355	0.569755181262372	-4.718238669924094	2.3789530488014075e-6	8.639431923124383e-5	5.299276300575298	FALSE
Dab2	2337.9292072245935	-4.6877292227511855	0.5097611765153479	-5.272526325217831	1.3455852871604578e-7	6.6709763531091904e-06	8.340306392405736	FALSE
2900011O08Rik	585.7134627536662	-4.6754923960993615	0.500262039022161	-5.348181927473494	8.884213985578401e-8	4.595176999986612e-6	4.908754685077216	FALSE
Pcsk5	4184.11051112321	-4.665937768420329	0.5065754167983803	-5.26266707782503	1.419805383959101e-7	6.9240141745074855e-6	6.0319091845670005	FALSE
Sh3bgrl2	669.416141292138	-4.607575210141087	0.48988833316218544	-5.322795081298267	1.0218483507953963e-7	5.217540211668118e-6	6.185551994187586	FALSE
Mdfic	778.108976193871	-4.59940247926545	0.5065468555208611	-5.131613099429059	2.872695260944522e-7	1.2759465790990762e-5	5.959687747192271	FALSE
Rnf144b	519.9843576394377	-4.586890947449317	0.5086259735171555	-5.086037839477466	3.65621137206395e-7	1.582768604109423e-5	5.6571587691205405	FALSE
Pik3c2b	1149.2405168233647	-4.558354827924552	0.5105446189712184	-5.011030834248744	5.413923814265563e-7	2.253852325186235e-5	7.005704958379971	FALSE
Fgf14	44751.156165499226	-4.55483408616983	0.43933841388683215	-5.815184844792384	6.0566921023753934e-9	3.869805199956214e-7	8.981789912322132	FALSE
Fam171b	956.9763027275437	-4.54353131728	0.49488049683316604	-5.139687931847261	2.7519513044284454e-7	1.2361020370417695e-5	6.704037452202615	FALSE
Rtn4r	749.7651345788885	-4.4882199303906525	0.5189318743724144	-4.794887447220032	1.6276619139446504e-6	6.115504574783234e-5	7.708540020988317	FALSE
Slc25a13	1324.9108705577	-4.482864968728995	0.4643336310320436	-5.347157308443275	8.934635920281868e-8	4.601337498945162e-6	5.6913676148958805	FALSE
Dner	2435.0587703691012	-4.360048771749588	0.45678974596692007	-5.1665975267327875	2.3839383620669454e-7	1.0913140057462017e-5	5.723411340460508	FALSE
Rgs7	3678.1324623733403	-4.16591005557906	0.445333256466993	-4.86357132355686	1.1528645594315829e-6	4.501446325519135e-5	5.624203472918743	FALSE
Stox2	6366.76233834048	4.074357415919018	0.4288681619040832	4.836818398244611	1.3193386250017623e-6	5.101442683340147e-5	7.775065590235209	FALSE
Actr3b	5976.890496359781	4.106447357790182	0.44742081496019254	4.707978009421833	2.501860834390358e-6	9.003684713643373e-5	9.045997975008962	FALSE
Cacng7	4801.059022061605	4.150371829389149	0.4471100608603557	4.809491035051361	1.5131508190428723e-6	5.757683435007719e-5	10.100816240481084	FALSE
Ppm1h	11157.706631053841	4.1949823233797625	0.4500972131270637	4.876684990182583	1.0788351240133686e-6	4.226203954659583e-5	8.38749926826323	FALSE
Cdh22	10630.001170862057	4.213712042103994	0.44026323321877414	5.028155601183176	4.952199647306007e-7	2.09077319385202e-5	9.438078791253563	FALSE
Man1c1	9563.428993698379	4.218297245095984	0.4340871865511793	5.110257371843536	3.2172023603920784e-7	1.4080268791928408e-5	9.073943810144428	FALSE
Clmn	4636.538296014819	4.2669878067358376	0.4348961029715923	5.212711245848801	1.861004565365952e-7	8.823524820235076e-6	8.521329456171937	FALSE
Dok5	1689.6693748004684	4.343891997943646	0.4562584181366222	5.137202744699365	2.7885806077105314e-7	1.2432075037658742e-5	6.529288851681814	FALSE
Gjb6	859.1587958051308	4.345793039540682	0.4978234604449933	4.712098215387098	2.4517915450283613e-6	8.850152682779113e-5	9.374402681277463	FALSE
Gsap	11156.896234717944	4.35871305894423	0.46959966374471673	5.022816754456772	5.091912198191046e-7	2.1346725243504078e-5	9.743864764464284	FALSE
Arrb1	5884.812939307952	4.3768575518204855	0.4804340572811146	4.947312780596076	7.524501673831018e-7	3.0475507118282373e-5	9.389626528229115	FALSE
Mfn1	4738.680873537654	4.417232298310262	0.47233943582139853	5.1175745978243246	3.0948966967008503e-7	1.369549101191917e-5	9.594201497610268	FALSE
Tsc22d3	1829.9290718775424	4.441695187786414	0.5050191187479135	4.8348569334168445	1.3324142705820487e-6	5.135382485456231e-5	7.900870885622807	FALSE
Slc7a10	3114.109711934522	4.457985768315342	0.4548364931400468	5.404108521165899	6.513150476125125e-8	3.4586276394996887e-6	10.750821908447941	FALSE
Pde7b	8361.11238696846	4.508171772814076	0.4877108280436618	5.1427436681589	2.7075492906396163e-7	1.2207471292287597e-5	7.6980364267071	FALSE
Whrn	6511.490920617721	4.535009739917562	0.42769876370458315	5.92709157716557	3.0834703805260632e-9	2.069736185759854e-7	9.359288212795716	FALSE
Slc14a1	618.6921836461581	4.562615271251046	0.5079335362796512	5.045178331836226	4.5309856651186004e-7	1.919723997405569e-5	6.959028472808379	FALSE
Gas2l3	1142.1793862482828	4.577458441021538	0.479376603091544	5.376688024403508	7.586846484369448e-8	3.993288184812606e-6	8.036764838167661	FALSE
Irak2	1220.9599398964815	4.582957849360559	0.48342561773592224	5.343030560642599	9.140534560363432e-8	4.68717197112542e-6	7.464941968683489	FALSE
Gdf10	3328.136343595545	4.593729450946779	0.43746921902596686	5.928941598958128	3.0489349268994247e-9	2.0581172037623915e-7	11.18619110670604	FALSE
Kcnj3	8807.271430381621	4.598968903298233	0.49079592167347647	5.295416666129738	1.1874533733517496e-7	5.986368314264433e-6	8.772720268562209	FALSE
Oplah	489.7412136730189	4.636015787822547	0.5257597921277557	5.0137264722252	5.338586419431273e-7	2.230259809068701e-5	8.559958056981905	FALSE
Tspan15	1935.1277760943988	4.706136433229453	0.4731626846703465	5.719251582814111	1.0699427569490308e-8	6.589523742281969e-7	8.435874619066965	FALSE
Fam234b	1539.936147028005	4.794626717640687	0.4755282982464117	5.876888353324776	4.1804995035827695e-9	2.7749226704892737e-7	8.06713707260248	FALSE
Zfp467	1209.9794064907314	4.9753116375675	0.5676220411018792	5.241712657584201	1.5909298291205868e-7	7.633907469209948e-6	9.127227950590811	FALSE
Gulp1	564.7860170197873	5.013575532350804	0.5821588867263058	5.176551627163593	2.2602452800876088e-7	1.0426799461963996e-5	4.256481720003766	FALSE
Plcb4	9591.995076541623	5.019161592717789	0.4413443075518681	6.840830483268368	7.87353823723664e-12	8.630553656743428e-10	7.931425644519933	FALSE
Plekhg1	5884.702723642391	5.040384296183336	0.5947702520933733	5.111863422022702	3.189964289285889e-7	1.401238725308375e-5	7.7372899132158315	FALSE
Adam11	1229.5601281353595	5.062749581125535	0.4705146472687641	6.509360758276358	7.547127502479657e-11	6.936390723048225e-9	9.079130357328435	FALSE
Efhd1	992.8846985432318	5.067563040099983	0.5603051482267012	5.474807878900369	4.379865297890355e-8	2.4227143786663875e-6	7.448603021222059	FALSE
Erich5	409.2309231606777	5.089321391337153	0.6573858014634364	4.699403888036332	2.6092198138333116e-6	9.333819860982159e-5	7.348021954593239	FALSE
Chst8	1473.6161650977149	5.148104884242234	0.49157819306104444	6.404077578460241	1.5128117991429305e-10	1.2380188613808038e-8	6.46659650903601	FALSE
Tnc	5219.986875131914	5.1683694055231415	0.44346485736890073	7.144578319737073	9.027257638595816e-13	1.1235174402702376e-10	8.95270906962362	FALSE
Stard8	1166.259289733546	5.176971185057419	0.592423509953907	5.362668988785743	8.200119225025184e-8	4.278385349371219e-6	7.275137336849587	FALSE
Col9a3	1017.7596676989631	5.189090872777031	0.4861734362110407	6.559574495947356	5.39615309070665e-11	5.199454607077666e-9	8.435315967999282	FALSE
Grhl1	719.0585185097818	5.26341392349333	0.592756695931718	5.5054863924628785	3.6815039763862496e-8	2.0846734364863938e-6	7.045152176011223	FALSE
Kcnip3	2532.853850694911	5.3010802127284595	0.5127888435982487	6.437503962770951	1.2145415354521686e-10	1.0291732103250009e-8	8.329022065642787	FALSE
Plcb1	31238.357073959884	5.380247865513268	0.4812931681408132	7.023261681795367	2.1674770923101222e-12	2.589701629892134e-10	8.552380937182313	FALSE
Rarb	1328.4868976585014	5.428071899804268	0.4831006635055815	7.095978454942986	1.2843948763463258e-12	1.5500959578369598e-10	6.256635382570961	FALSE
Cspg5	427.02429323907677	5.430850166532404	0.6023809840541102	5.695482190427546	1.2302372770152823e-8	7.461357860801317e-7	7.5636188857839155	FALSE
Prickle1	1583.1365251449072	5.440713850835903	0.5672149047411841	6.065979264783027	1.31152051561557e-9	9.613525840843454e-8	6.9326090475130115	FALSE
Tmc7	1840.8188876913796	5.588059414761625	0.5513839405288368	6.5073701844132215	7.64777898836759e-11	6.975241477329463e-9	8.291607090455347	FALSE
Igdcc4	2326.8748013051077	5.617942961724301	0.45338999741475167	7.979759108833367	1.4661915194644299e-15	3.073343206063335e-13	9.058428245846478	FALSE
Frmpd1	2611.900951926219	5.623275571659132	0.5104423869014898	7.098304656189118	1.2629653793946825e-12	1.5397867707150682e-10	7.7518769089191295	FALSE
Drp2	1159.052377446803	5.665664763864579	0.4851485023138451	7.555758177922276	4.1642690935705395e-14	6.546669359208001e-12	7.543513612915057	FALSE
Ddo	4046.594253862219	5.682007306899525	0.6648609794801682	5.538010833149449	3.0592634308585713e-08	1.7573115130720294e-6	9.547031860335988	FALSE
Lamb3	434.11478461939436	5.683118129580138	0.5875573260461268	6.268525582627134	3.644827481216826e-10	2.846300571606447e-8	6.254215235239726	FALSE
Ntsr2	1070.0628829040268	5.7302021003284045	0.7177743581777768	5.196900749977079	2.026384803714065e-7	9.494606131284568e-6	10.368525232665764	FALSE
Adamts20	852.7991466568315	5.766845067765253	0.6065087272462178	6.210702168900641	5.274836476090315e-10	4.014251351358413e-8	5.576610130619903	FALSE
Gpld1	4267.975473075605	5.94469806506468	0.46549294131106983	8.474238199948557	2.366228265414302e-17	6.5748128639930415e-15	9.550565587525895	FALSE
Afap1l2	3021.811698499657	5.948123213940241	0.5154893707921837	7.658980839649364	1.8741435339066132e-14	3.0259820193400287e-12	8.043116611954522	FALSE
Plce1	15696.267604786568	5.979398767135723	0.5819694849769624	6.837813441873588	8.041101564269967e-12	8.734098317263416e-10	8.726502666059847	FALSE
Cmtm5	738.3931396396031	6.028934329941948	0.6689940215616754	6.022377181393863	1.7187378423453378e-9	1.2105438770478855e-7	11.118885829018028	FALSE
Cdc42ep1	1756.4327086826158	6.113304686412474	0.5260182902569068	7.819698977393998	5.294980344440679e-15	9.585518962935946e-13	10.780278884019122	FALSE
Rgs7bp	8265.588073994022	6.3601518978675085	0.5161795580647386	8.446967396800057	2.9896717548422595e-17	8.118317756103481e-15	9.319599993875991	FALSE
Arhgef19	402.49050513098337	6.784718154374518	0.6877722015469433	6.9568356261167406	3.480005864922301e-12	3.985162816363482e-10	7.794544183606825	FALSE
Luzp2	25960.49582748042	6.829998394826252	0.4286691168422436	11.267427964967583	1.9004037772396162e-29	4.541204866091787e-26	8.98057625413611	FALSE
Slc14a2	889.4802825600913	6.88506185448879	0.5517209772439314	8.854225334863361	8.42669975682171e-19	2.6495318077501523e-16	6.917921715540069	FALSE
Fam20a	5113.195952361125	6.918166614220248	0.5474955551638455	8.983025648031827	2.6342110034340353e-19	8.742653630286071e-17	9.684096481231148	FALSE
Aplp1	550.3664147034449	6.935795216086938	0.6255724907121869	7.890045181602777	3.020771525985964e-15	5.916750523357425e-13	8.767968507908257	FALSE
Ttll8	1132.754048325131	6.941286906860093	0.5809092931163243	8.506124734814017	1.7984347536712078e-17	5.240902057771608e-15	7.230663276166338	FALSE
Micalcl	1271.209633861225	7.142575131835339	0.5436493589152089	9.4593602429639	3.0983300642102073e-21	1.3221017002565556e-18	7.907193950123473	FALSE
Rbm24	690.8658644759976	7.207540432168174	0.654786260361371	7.9530386439296645	1.8199154494153316e-15	3.749025825795583e-13	8.805796898912995	FALSE
Lrtm2	434.16049085699126	7.2807116469358295	0.7230794803187149	7.303086023971012	2.812412403363768e-13	3.7336337105989226e-11	7.876832192099046	FALSE
Gpr153	519.753203634202	7.498665736931005	0.6857096649195916	8.018941569936592	1.06660224924564e-15	2.317047940724892e-13	8.620935502316911	FALSE
Eva1a	1357.4516371618417	7.725766479611964	0.5724921694462691	10.001475627431008	1.501428618339957e-23	8.542413872345623e-21	7.778219361193122	FALSE
Adgra1	1334.5937132291956	8.055873999913839	0.6050592884630149	10.008728260824	1.3953463243710334e-23	8.335798941792553e-21	8.004876644662716	FALSE
Itih3	2180.782138373019	8.133251660247883	0.6012718291891169	10.200464020606564	1.9732746066888124e-24	1.3098158333732185e-21	10.252330107792332	FALSE
Nwd1	15832.534801733796	8.153332035003098	0.5686961601595667	10.820069601448646	2.765672700693512e-27	4.13053217848576e-24	10.862955210117612	FALSE
Syt10	1628.4270717517647	8.562049679200442	0.5947152049421476	11.033936285248974	2.6213491679319115e-28	5.219979976408413e-25	7.86327867227408	FALSE
Slco4a1	1915.648222797675	9.103596129812868	0.6750231438896649	10.523485296933726	6.73357135575082e-26	7.313882778046436e-23	9.766047779245907	FALSE
Mybpc1	9747.959879503473	9.984063630725567	0.5185214967204939	15.397748562446452	1.6946778411322106e-53	2.024801084584765e-49	9.885021561089141	FALSE
Cdh19	1507.9059553522472	10.001125623455245	0.8276637127290691	9.667121441234872	4.159119053920206e-22	1.9877261782495447e-19	7.104450623308114	FALSE
Folh1	1334.1741502924488	10.507498431482384	0.9775761948744541	8.70264484353055	3.2423740681345586e-18	9.933303940018386e-16	7.576720717862317	FALSE
Pla2g7	5712.6126618664575	11.224187005005176	0.6892309407952087	13.383303707118335	7.570607023092033e-41	4.522680635595181e-37	10.113721423096822	FALSE
