Gene	baseMean	log2FoldChange	lfcSE	stat	pvalue	padj	rpkm	General
Vwc2	4828.838385128534	-10.388604500522769	0.3599433234160186	-23.305348244582692	3.9128882474622324e-120	2.3457765043536082e-116	7.9093442044516475	FALSE
Pde1a	24423.744695599125	-10.255968692859042	0.3622338546113568	-22.791819670519	5.527053417072739e-115	2.2089790156900713e-111	8.870396226051241	FALSE
Clvs2	3687.4424273744908	-9.097201549490281	0.32610667774948876	-21.763435200006136	5.153911984851108e-105	8.827914956909254e-102	8.451512830668943	FALSE
Meis2	1518.304754600357	-8.965855555486156	0.37763378984794793	-18.44606002627815	5.608829219716179e-76	5.604155195366415e-73	5.735453943085547	FALSE
Cobl	2679.071083761268	-8.89355041184266	0.31640799349593585	-21.786903471296803	3.088412480493676e-105	6.1716776068531954e-102	6.0399052489080995	FALSE
Galnt5	1297.9828784238332	-8.217726602368584	0.3768357063283474	-16.499834007106816	3.679025232111228e-61	1.917891849261462e-58	7.366425880848225	FALSE
Ifit2	551.6089952621192	-8.2086461971513	0.4907541514554282	-12.651235203489028	1.1012962135561383e-36	2.1297647742803385e-34	7.295484389181534	FALSE
Basp1	1072.1156226311612	-7.853059923354085	0.3840655849322548	-15.239740692690557	1.926333469736026e-52	7.450560742624177e-50	7.03886989225383	FALSE
Clip4	965.485815684183	-7.831266365187916	0.3417806000022742	-17.061431705454066	2.8742362670751e-65	1.9145607134572472e-62	6.703289594099654	FALSE
Pde5a	3457.975499039017	-7.791450060659301	0.35062165578315	-16.517662172701492	2.738074676818521e-61	1.4922506988660939e-58	7.5225662675367415	FALSE
Rasgrp1	2541.636090284996	-7.364925894594636	0.7938197663905532	-6.758367732500042	1.3955496597818688e-11	5.328866376046053e-10	7.929755110706732	FALSE
Adamts16	4026.104294942382	-7.231129965183957	0.40027749988867306	-13.068758465411776	4.9669555940821306e-39	1.1452653379431681e-36	7.351576907768937	FALSE
Sh3gl3	2719.0876101975878	-7.104896520942923	0.28797580288382196	-17.726824510330093	2.6032878299074207e-70	1.8360835929758807e-67	6.861633840733896	FALSE
Stac	1944.0163480053484	-6.714356887601064	0.3506162311316988	-13.445917413419041	3.2534555378021883e-41	9.287840928154342e-39	6.40798829047256	FALSE
Dab1	9880.065218762262	-6.667336514130286	0.24194495400486604	-19.290902483696417	6.404552630879508e-83	7.67905860442453e-80	7.394939172982615	FALSE
Iqsec3	2222.817316057025	-6.663323593596172	0.37800264766360747	-12.33674849215914	5.742856963872736e-35	1.0432856817702137e-32	7.146219949796089	FALSE
Nkain2	21584.603295940764	-6.447602638056081	0.34062587624120594	-13.057148467800546	5.785452650207122e-39	1.3088222127544036e-36	7.24081156645948	FALSE
Sgcz	10314.616915750386	-6.315577164099579	0.2627903092762495	-16.422132064097433	1.328166302523044e-60	6.3698855869005194e-58	6.032100492313175	FALSE
Mal2	696.2935028699276	-6.094113250869819	0.3356092508928239	-12.199047672190853	3.1448038055369214e-34	5.545029062998189e-32	7.084288881964056	FALSE
Spats2l	815.8030793851063	-6.057994698201012	0.31356281016558885	-12.941568855241579	2.622193899399762e-38	5.614304438179134e-36	5.09577594442813	FALSE
Ninl	546.109589591357	-6.0570559047737085	0.3326971851335172	-12.194440127726182	3.3278331860607974e-34	5.782713029111444e-32	4.897558148021147	FALSE
Colgalt2	1121.532553397104	-5.9270197946896594	0.29700028561902175	-13.222276155407672	6.5258792403060844e-40	1.6301102519014574e-37	6.317966818781841	FALSE
Lurap1l	878.6503760405039	-5.809330319354316	0.39473162160810693	-9.650431105152892	4.894951181628095e-22	4.019894840254853e-20	7.052810092086878	FALSE
Kcnh7	6760.837512351327	-5.803708425618359	0.38283981042685344	-9.935509113791882	2.916821032159874e-23	2.6902064750459143e-21	6.710196293521788	FALSE
Hacl1	483.22542520910343	-5.803112001451928	0.31916161897154327	-11.915944071555224	9.775262408640475e-33	1.5221480036311597e-30	6.4060972767942115	FALSE
Slc41a3	594.3692637430419	-5.783529754427814	0.3324942496883274	-11.379233649828258	5.306396897372769e-30	7.229965772670398e-28	5.7866276580990625	FALSE
Map3k21	471.4936004040675	-5.782438197292327	0.39508035096670235	-9.573845391291337	1.0300172029746296e-21	8.288527693735441e-20	5.888455654272827	FALSE
Arhgap29	1702.8863142565108	-5.709777608685552	0.3300028982377056	-11.241651599112162	2.54574416154202e-29	3.247177925200939e-27	7.539142975148234	FALSE
Slc26a5	504.59828177544495	-5.576997552851372	0.4255795999916566	-8.40500238479828	4.2785290272400245e-17	2.5522170664979053e-15	5.648847509426396	FALSE
Dok6	3471.0841658995782	-5.473431923669405	0.30864229049936837	-11.253907939996036	2.2155336509859393e-29	2.8563708037980014e-27	5.772429138599652	FALSE
Cdh11	864.239030875105	-5.397308188467996	0.41263220687947694	-8.23325986635913	1.8218638407902286e-16	1.0401974976702305e-14	4.993119429139938	FALSE
Pacsin2	762.0441058693979	-5.333430100236724	0.35486058768582807	-9.393632924904976	5.796564899850283e-21	4.483923428980961e-19	5.23311604635307	FALSE
Frem1	1979.1113373676505	-5.235100484155317	0.3011870374619743	-10.741167718958547	6.52142590926911e-27	7.376594023786474e-25	6.32599165152988	FALSE
Fggy	3277.2952018962915	-5.217467197216116	0.3219984756579978	-9.992181455645973	1.6491191267346915e-23	1.5569242779172404e-21	5.614136478230231	FALSE
Chst8	615.2341794470743	-5.206522201536059	0.29570147735557306	-10.843781472489237	2.1346131145392504e-27	2.5340605191411497e-25	5.625544720880745	FALSE
Glis1	735.5434403352833	-5.187110822116438	0.4024808279392122	-7.918664942216318	2.4007431710576947e-15	1.2624960798676212e-13	4.512101374947857	FALSE
Sncaip	2275.7217586399993	-5.169175552812437	0.32521936073366164	-9.744732126842328	1.942906010237673e-22	1.6659694967140867e-20	6.738186815349357	FALSE
Zfp618	1297.4869354337454	-5.132734584683899	0.310619957635258	-10.085425960821478	6.4086614520740914e-24	6.298348427079373e-22	5.7299654539511	FALSE
Epha4	1169.861086067927	-5.115884249944828	0.378592217010193	-8.230185698352424	1.869234391317239e-16	1.0621857986679478e-14	5.7563952034432555	FALSE
Sh3pxd2b	958.272781130031	-5.064022055984579	0.29557416187684854	-10.36633931913578	3.527812670219827e-25	3.710392448766292e-23	5.802392650697978	FALSE
Ppp1r16b	849.2381183557229	-5.008784691366003	0.28660773760987074	-10.497918571415362	8.830575413300798e-26	9.538612541033924e-24	5.683471371581493	FALSE
Cdk15	735.8271394767869	-4.948319230212942	0.268310648431332	-10.988454045525877	4.343011577993634e-28	5.25986957779229e-26	5.870812819554297	FALSE
Slc25a13	1063.2785154485684	-4.93695217862866	0.2962321907674377	-9.91435863543394	3.605647108764681e-23	3.2505044236156785e-21	5.191633067133671	FALSE
Ddah1	1220.0412852444445	-4.907850051321503	0.38754574597212144	-7.5032433758947334	6.225780393505103e-14	2.950478534313288e-12	5.872623825119179	FALSE
Kank1	1009.4443753275617	-4.901176018992142	0.2540216424144676	-11.420979690614374	3.2850968496200486e-30	4.6339189678758095e-28	4.88864864558915	FALSE
Zcwpw1	699.1951294482592	-4.885677539013008	0.3477324762279615	-8.298556322134424	1.0538413975149436e-16	6.0747876712520065e-15	7.465625902658996	FALSE
Rapgef5	2201.999350621634	-4.865693239218992	0.30912254815847623	-9.270411544840956	1.8542905981376914e-20	1.3809282156317341e-18	6.0244376177145575	FALSE
Prkd3	647.9329904058791	-4.865589667375241	0.3110221810945739	-9.213457565278564	3.157855673906104e-20	2.2537315196508443e-18	6.048096290295755	FALSE
Fnbp1l	491.6066187663232	-4.855647719207959	0.45201575225062024	-6.317584519985146	2.656831419889035e-10	8.848724645685981e-9	4.952639990255546	FALSE
Dkk3	459.63108767190755	-4.760408997533262	0.3916259433714486	-7.0485856319152855	1.8074550694606063e-12	7.551005673460861e-11	6.1564910438082885	FALSE
Col13a1	985.678436984347	-4.711642343574071	0.2721793789703553	-9.962703103490481	2.2194463280082054e-23	2.078996990063936e-21	5.45278916039565	FALSE
Itga9	1044.5061072191224	-4.700578791152823	0.35813684381800004	-7.5406338045610815	4.676927425655477e-14	2.2520626439200467e-12	4.308585129004184	FALSE
Agbl3	976.7906187247393	-4.666246565523285	0.3207263091053128	-8.313152023483687	9.319300857711563e-17	5.397991173138243e-15	5.465668757034778	FALSE
Lrfn2	938.0336765811682	-4.625984752693901	0.2591206121725756	-10.134217925299522	3.894776421501524e-24	3.8593693631242376e-22	5.0699398301002	FALSE
Efna5	1965.5335794876119	-4.623349921360196	0.35855151984563094	-7.31652154895241	2.544811738986453e-13	1.1300849166832432e-11	5.40192142713144	FALSE
Epb41l5	2820.2044299793097	-4.617161282705363	0.23113501035342543	-11.323084627912912	1.0085937547422893e-29	1.3587684403775335e-27	6.89034495764977	FALSE
Zdhhc15	417.05146257121515	-4.568525107247758	0.41934938045032416	-6.125024208905501	9.066981957258468e-10	2.8608714123033954e-8	4.229300706979685	FALSE
Tmc2	662.4170323994293	-4.45486117045093	0.42780053646428917	-5.738331210942393	9.561398906341953e-9	2.7038012473358494e-7	5.397997448606028	FALSE
Cep112	3083.5983184442694	-4.393167335498719	0.2521099515256601	-9.492554026591602	2.2544171227660615e-21	1.7666968171219004e-19	5.245697823903466	FALSE
Sfmbt2	1573.3005328350177	-4.3765892227155	0.3010713336353855	-7.893774521866917	2.9318164617355983e-15	1.5350427675200796e-13	5.431700567170399	FALSE
Antxr1	625.1016628908552	-4.2315525194190515	0.29275947114188705	-7.6224776288707	2.4885225975660028e-14	1.227875964807258e-12	4.1898225880715945	FALSE
Cdh10	3557.9003993977726	-4.229088669127197	0.25835881765862395	-8.62787920044033	6.250003839906079e-18	3.9234317298677427e-16	7.259091617123772	FALSE
Gk5	426.104700716698	-4.1911619554208	0.3265354531312836	-6.710334006334814	1.9417942528641595e-11	7.321419211270841e-10	5.425126258195515	FALSE
Gatm	483.94166941651025	-4.136803465537778	0.3134129382747286	-6.817853395907728	9.241087236813303e-12	3.668895230774553e-10	7.549679970796779	FALSE
Me1	526.4012582239119	-4.116781841159589	0.31925494452487674	-6.630380758267775	3.3482205810493604e-11	1.2276808797180987e-9	4.031373413093104	FALSE
Lima1	2850.510231703461	-4.089191181326986	0.21021081882243317	-9.938552130809894	2.829091010066233e-23	2.62951947369722e-21	7.49490946918119	FALSE
Gpsm2	881.1349095626704	-4.088335117891472	0.2793593969142512	-7.475442533735432	7.69444777148553e-14	3.6037667492231056e-12	6.644750723556906	FALSE
Runx2	553.558985045389	-4.081624877739754	0.3067679603874981	-6.785665866508099	1.1555230720272768e-11	4.4982862446776135e-10	4.068212471352972	FALSE
Rai14	426.3079185292751	-4.03414431650908	0.42870155628027257	-4.744896039470441	2.086134480030599e-6	4.631991188067941e-5	4.162070699861417	FALSE
Ankrd6	661.6372094342447	-4.01168360412871	0.3187036666488252	-6.312081769505822	2.753066876203738e-10	9.143842616532637e-9	5.986820087573038	FALSE
Mob3b	1335.2681367119606	-3.988508955233402	0.4179080605397282	-4.7582450375933005	1.952833517092553e-6	4.3440582318997605e-5	5.408148858826738	FALSE
Acmsd	423.9219521964671	-3.973383514295413	0.3575317146505242	-5.519464241722814	3.4003477626220835e-8	9.265947653145177e-7	5.47103426851306	FALSE
Vipr1	514.981588803608	-3.9002463161118635	0.37132555471148004	-5.117467117468807	3.0966602792134885e-7	7.655454999540151e-6	6.616797718769156	FALSE
Slc16a9	848.5993521705485	-3.8878837081074216	0.3457491736605988	-5.4602696171897245	4.75412044209995e-8	1.2723639308209466e-6	6.585761703863569	FALSE
Crtac1	417.9613495509612	-3.8414773696830427	0.28904578045715007	-6.370884801606833	1.879407717507307e-10	6.401732537759265e-9	4.090302873941306	FALSE
Ell2	633.7063787746489	-3.8248800324946073	0.35909085900688675	-5.0819451030904945	3.7358939359012316e-7	9.141503732950156e-6	5.7814886638539	FALSE
Rnls	2789.967926445172	-3.7825674079076044	0.24499677978943898	-7.2758809705157	3.441669549184219e-13	1.511561095044644e-11	5.95544409557394	FALSE
Ctdspl	3154.658095855366	-3.7805848651562237	0.2613845455127413	-6.8121275558329755	9.616577869601345e-12	3.7928542321223727e-10	7.425050792624614	FALSE
Rnf43	637.2360859798649	-3.779958886128089	0.32867423889553077	-5.415571637465172	6.109320512095267e-8	1.624185209313132e-6	6.06390808056691	FALSE
Pam	1829.002991788916	-3.765592793213245	0.26288928929101724	-6.716107750052692	1.8664280230539766e-11	7.059454888459679e-10	6.200967742668938	FALSE
Tubb4a	6015.840115775983	-3.748645764316029	0.33428492876042987	-5.231003894791862	1.6859195698302888e-7	4.291757036574345e-6	12.18210392396141	FALSE
Slc36a1	1721.7210845243217	-3.671603856189362	0.3108223130708471	-5.37800468593883	7.531585679250757e-8	1.980344567855627e-6	7.958990764431361	FALSE
Glra2	1349.0290864144258	-3.666145835375261	0.25762580602402047	-6.467309549028304	9.976315415364065e-11	3.5078012266925263e-9	5.464640781714419	FALSE
Cflar	1654.8969839512906	-3.6494039946824306	0.2673505872163413	-6.1694421989345605	6.853132224627255e-10	2.1853472173744892e-8	7.483468624441036	FALSE
Ptprb	1867.0606570409425	-3.619869039292161	0.22804772452720415	-7.103201940078663	1.2189908234827307e-12	5.201316716568663e-11	6.665650092383736	FALSE
Shroom3	2685.4296146103484	-3.5975432647431362	0.2364704181161129	-6.755784835457526	1.4206411507627461e-11	5.407456316712802e-10	5.6712702674172295	FALSE
Slc35f4	8411.09120465395	-3.570465236693332	0.2406945879799747	-6.524721847189982	6.812784429063853e-11	2.4167244172921773e-9	7.498856306802445	FALSE
Slc1a4	662.2662278929442	-3.505744044316397	0.26172175668181147	-5.75322458249815	8.755704296072319e-9	2.4995451073787405e-7	6.9756727129191045	FALSE
Khdrbs3	539.4074029685547	-3.493095707505473	0.3175174297435691	-4.7024054985306325	2.5711423108775806e-06	5.6565130839306774e-5	4.183894781076775	FALSE
Cdk14	6351.029116213504	-3.462933165810833	0.26858822225257345	-5.446750991319077	5.129819836991805e-8	1.3698561212813307e-6	6.0805955838700445	FALSE
Tpm4	1554.4930480697972	-3.45959006405684	0.2308639723494739	-6.322294679428643	2.5770732594045323e-10	8.631035860407916e-9	8.21093225520179	FALSE
Dpy19l1	1882.5363702923346	-3.4515642043599906	0.231977431199126	-6.257350970982989	3.9157153339648664e-10	1.274041083484801e-8	6.812417746838927	FALSE
Mettl24	480.63478322415483	-3.4453297454805303	0.28403933733075326	-5.088484429878449	3.609364091582103e-7	8.868089233210946e-6	4.804313933465684	FALSE
Nin	1343.274416097572	-3.4414560550477784	0.2779668219751147	-5.18571261420842	2.1519042897251717e-7	5.431859459748381e-6	6.380417169732422	FALSE
Wdsub1	766.6346289855434	-3.41640819920315	0.26831462277586965	-5.278907964648329	1.2995605432740845e-7	3.336559082196204e-6	6.602906223256774	FALSE
Chd1l	690.4723848591452	-3.4015553779251237	0.28707973233954975	-4.8821119014678604	1.0495566448719052e-6	2.4015618648881953e-5	6.403304277124515	FALSE
Trpm2	846.0292079925964	-3.3841207038292587	0.28653221346441465	-4.830593695187285	1.3612653720805682e-6	3.085363291350853e-5	5.930798938083703	FALSE
Tgfbr1	674.6667486825824	-3.332135631926284	0.2623896161734879	-5.076937309308371	3.8356735788931364e-7	9.366543016482424e-6	6.4883320996981215	FALSE
Flt3	927.4687618609003	-3.2936815596579176	0.23853991248583703	-5.423333756503864	5.849761985331391e-8	1.558636582313853e-6	5.939240130880465	FALSE
BC003331	1016.2906858160248	-3.173749168657693	0.24061526490153587	-4.878115979624204	1.0710394456288506e-6	2.446050086302842e-5	7.145085960548048	FALSE
Them4	570.153098592308	-3.144114101681811	0.24798445224932877	-4.613652554844425	3.9565361501578905e-6	8.48638075856764e-5	6.64324958470019	FALSE
Pde4d	40808.14854961059	3.187361617766769	0.19005457678463708	6.24747710817953	4.1713539513317166e-10	1.346977703066434e-8	7.619802723781762	FALSE
Pcdh9	57878.70590197662	3.3663060736221175	0.21765121903673684	6.277502509147453	3.4405471343579777e-10	1.1240370610613666e-8	8.692336666426547	FALSE
Nxn	3858.027392250575	3.4744361242010084	0.2307327579992033	6.390233172725737	1.6563299010400326e-10	5.657947439735041e-9	7.4211461043065725	FALSE
Has1	482.4291944670264	3.492763999831545	0.286983519829358	5.201566977501534	1.9761522917836894e-7	5.0093162745214445e-6	8.005902478016038	FALSE
Rasa3	2028.346069125476	3.517983662007923	0.25440093625073035	5.966894950857575	2.4181097777946867e-9	7.34003449006539e-8	6.848941417026628	FALSE
St3gal5	4333.614985704501	3.51812634927106	0.224483623221059	6.76274878090369	1.353979004837875e-11	5.186648008947643e-10	8.905317543300093	FALSE
Gramd4	620.838458815223	3.5448437329173865	0.3245983492240954	4.759247040566004	1.9431648626899165e-6	4.3305848891546656e-5	5.595666699581429	FALSE
Hcfc2	930.6244200312572	3.5965962039655817	0.26090128123064504	6.119541446613824	9.384501955275482e-10	2.953285523458085e-8	7.086587508185272	FALSE
Tecpr1	742.0897445503202	3.6142358558448064	0.3435390826944849	4.698841957613229	2.6164081815290347e-6	5.7455556953357373e-5	7.286261520485537	FALSE
Mmd2	642.7691664950535	3.6471593395077657	0.28437746858689744	5.792158386150209	6.948756405296287e-9	2.0320875438903044e-7	6.457648318093026	FALSE
Syn3	2466.1650863884097	3.648972706962046	0.22580296212548975	7.302706268510469	2.8203645455602973e-13	1.2478291845486333e-11	5.144530849688968	FALSE
Tmtc4	3771.591126617112	3.6791444487686036	0.23828185000135702	7.046883548868875	1.8296931694249847e-12	7.617368437988044e-11	8.53461297103139	FALSE
Plec	685.6274002712181	3.686058825180658	0.35885634052926935	4.698422835984804	2.6217820715282812e-6	5.746831268304222e-5	6.1392106633686225	FALSE
Ltbp2	728.9090394439925	3.692525178323141	0.36412625143405325	4.64818224903423	3.348729810864734e-6	7.234463140949218e-5	5.575208823563376	FALSE
Tango2	993.2666278940713	3.7516968076569186	0.25881430050268284	6.768160817445869	1.304297364650624e-11	5.028464759537293e-10	7.197921958689424	FALSE
Timp3	635.0907919936607	3.784324929449499	0.3083109573350998	5.7874197688995395	7.147580702132157e-9	2.0800847722952565e-7	6.349132250259978	FALSE
Gpsm1	563.7954674280062	3.8727273041830284	0.30631136276059945	6.113802920352897	9.72844382806645e-10	3.046642155657578e-8	6.774265779188536	FALSE
Dpysl4	474.08404577173064	3.929009528267892	0.3061285917109154	6.301304682084391	2.951505497002911e-10	9.775842792559365e-9	7.5091559347961745	FALSE
Kcnip3	1918.3038581153464	3.9357600017449452	0.32107770524680956	6.028945548420884	1.650328748616831e-9	5.0607267764490546e-8	7.539402709605759	FALSE
Kcnq3	3142.732727561245	3.9529314117016088	0.2881302934810216	6.777945449981792	1.2189685379479625e-11	4.729913517798081e-10	6.037134029851215	FALSE
Cdc14b	1271.1040642570874	3.9849158220310112	0.28048441709855626	7.0767418830742175	1.4758304863080207e-12	6.274896287529492e-11	6.622013043682718	FALSE
Lgr5	419.63436431525565	4.026671770213089	0.3464682777571132	5.849516103849079	4.930051527823156e-9	1.4523665311695244e-7	4.303277778124349	FALSE
Mpp6	1239.2799602047178	4.041916574962127	0.41187819537055786	4.957573860216269	7.137891010632324e-7	1.6715490862789368e-5	6.49322708036283	FALSE
Rasgef1b	772.5817497995225	4.05259469530948	0.3587006842051866	5.722304934705226	1.050884703968625e-8	2.9577717372262475e-7	6.677181940095138	FALSE
Brinp2	546.9729966987771	4.05536001089151	0.38475787688619917	5.341956940622763	9.194849923128054e-8	2.4018790975665656e-6	4.925736529003954	FALSE
Dgkz	756.6070006583878	4.147271230333475	0.46427769925764745	4.624971722240449	3.7464951021419177e-6	8.050264565355124e-5	7.090878780282748	FALSE
Ttyh1	418.51343995598165	4.202360974482617	0.34305869717213827	6.41977886768901	1.364724399467457e-10	4.7020245832226464e-9	7.291041421029049	FALSE
Btbd11	896.9360751197535	4.228348566562903	0.3513017104436491	6.343119035056174	2.251593203011049e-10	7.626158899463976e-9	4.385078448912789	FALSE
Slc29a4	871.601316502661	4.240772442912352	0.28264030951468555	7.928000244409317	2.2270287282436348e-15	1.1815077190991672e-13	8.103749917184548	FALSE
Tshz3	1033.6774159407962	4.245805251428744	0.2783026824843753	8.06965003492135	7.049995185094076e-16	3.842247375876271e-14	6.46110326121761	FALSE
Scn9a	653.2555923963666	4.2756305627465085	0.3945419929720116	5.767777836788946	8.032359490696462e-9	2.315095920515639e-7	4.758159094997147	FALSE
Tesc	982.893360354651	4.33990166430512	0.4064563547376091	5.756833758487207	8.570623765721278e-9	2.4584157643779457e-7	7.4905930014046085	FALSE
Fmn1	1009.6308982415588	4.456337714124704	0.329350208519123	7.45813316824447	8.775695204081695e-14	4.078317267323237e-12	4.086291515011227	FALSE
Sipa1l2	538.2840248804142	4.488418617495418	0.37938987713987954	6.5590010894727895	5.416940690354573e-11	1.938779667980637e-9	4.481726495653231	FALSE
Diaph2	5262.3618460154785	4.488865065635071	0.2296406860183353	10.838084090361722	2.2717882900914304e-27	2.644538019242354e-25	5.578612253677213	FALSE
Etv6	1340.0539569991563	4.544420968924155	0.28998102631630074	8.774439490909288	1.7175719782613416e-18	1.1131723253704585e-16	5.211622141225185	FALSE
Phf21b	611.2479875857449	4.5514355442357495	0.3951979145351987	6.456095668512196	1.074387048914694e-10	3.7666376363997605e-9	5.785019817771974	FALSE
Stk3	2685.73476919733	4.591055925087756	0.2390003394811718	10.841222781157917	2.1951714848264542e-27	2.58040255912443e-25	5.965484830736858	FALSE
Utrn	2785.1643853840524	4.614327198998982	0.4487283868909488	5.826079373120478	5.674463569164076e-9	1.6634918873906425e-7	5.2295071123755505	FALSE
Parp8	1764.205764001779	4.617404264416153	0.4387154326700991	5.966063806978868	2.43045272755887e-9	7.358870758442135e-8	6.078158592875297	FALSE
Bcl2l15	501.66630962656666	4.67041140745852	0.34397442016211155	7.763401145352561	8.268157247668914e-15	4.1653447646869866e-13	8.858443762275586	FALSE
Lgi3	402.30542068082104	4.69158565823255	0.38271492543405744	7.032873502855629	2.023227842375553e-12	8.365000631063063e-11	8.446204671370115	FALSE
Hs3st5	1776.7563460970657	4.702077260125952	0.30058023967895964	8.98953724640035	2.4827354668323347e-19	1.6630166618614353e-17	5.132557445059028	FALSE
Slc9a9	2484.798400743671	4.723151293875569	0.31416819853472683	8.667813313302503	4.404981930871534e-18	2.7797754395341945e-16	4.860085322515965	FALSE
Fgd4	4987.727127364074	4.761238928919392	0.37822303663911516	7.300557241186904	2.8657833908507246e-13	1.2632626050110362e-11	7.52257441204395	FALSE
Mapk12	512.2610270220773	4.786494064511997	0.41188927778900436	6.765153197164348	1.3316821392033389e-11	5.117586169566678e-10	8.334698275507723	FALSE
Rdh10	430.37818839378656	4.845954982350602	0.3869384225552705	7.355059142373187	1.908426008191489e-13	8.602266104592464e-12	6.625700782947157	FALSE
Cux2	1049.36461854404	4.897317519073742	0.2999011971002225	9.660906815605347	4.419345011177142e-22	3.676872150656648e-20	5.146729251622759	FALSE
Aifm3	1219.4608743531896	4.910288522282788	0.39371933941616677	7.391784530062347	1.448711579415196e-13	6.604582447600077e-12	8.713049371612518	FALSE
Ptpn22	2410.922404290515	4.953325130293548	0.29027694019226946	10.174163777313371	2.5861166544321142e-24	2.5839615572200873e-22	8.23747776144913	FALSE
Abca8b	2153.097918762323	4.963105203136412	0.36544382412499804	8.108237183187144	5.135940991727636e-16	2.8247675454501994e-14	7.79358251306879	FALSE
Slc1a3	488.8310740026835	4.969370874024031	0.44799129373529467	6.628188796406718	3.3983066001072357e-11	1.2422468333928584e-9	5.2920523386725575	FALSE
Mcc	6566.207615134876	4.994323089716655	0.2907593307330489	10.298287185375985	7.172701667364445e-25	7.350486580487154e-23	6.801283955582909	FALSE
D930015E06Rik	496.45096597944377	5.014685462111511	0.34579154123363565	8.718216331597958	2.8261858244965057e-18	1.802445108282612e-16	4.5163811318105775	FALSE
Eml1	755.2252393718124	5.080820000838549	0.31842274698598705	9.675250998868268	3.841478456506844e-22	3.2209319366095844e-20	5.168412469479992	FALSE
Slc44a5	1256.8982822735584	5.200549550197654	0.2681215373500882	11.936935696510922	7.597075921655351e-33	1.1985386881664166e-30	4.797905174636835	FALSE
Inpp4b	14581.703300183615	5.232100065722686	0.253893912173634	12.730120380012515	4.022185790872749e-37	8.037667938760711e-35	6.92738419425975	FALSE
Nfatc2	801.2175870990872	5.333826724021608	0.36142070142177646	9.224227364140512	2.8561252477832747e-20	2.0754510133891797e-18	5.5053155841338395	FALSE
Man2a1	623.2208619580149	5.354243635445152	0.3381916070472135	9.91817527564154	3.470424793574569e-23	3.1523025208302333e-21	4.734817347180593	FALSE
Pxylp1	2313.413951111297	5.368461365471966	0.29500772130580705	11.41821424389159	3.391305696682396e-30	4.728111081769992e-28	7.845610559028821	FALSE
Pard3	1750.5209279495723	5.477196692592353	0.3312133075177637	10.498360463387673	8.7893413185331135e-26	9.538612541033924e-24	4.400866965838669	FALSE
Ptchd4	2484.5377386831888	5.482917926265368	0.2664881049384324	13.069693775150068	4.906263087623767e-39	1.1452653379431681e-36	6.419121645332533	FALSE
Serinc2	474.4294001521146	5.538438055377847	0.4646238054695158	7.61570546692534	2.6225509464278024e-14	1.2887043380192358e-12	6.872122185124138	FALSE
Bmp5	527.7681655584666	5.547500256425312	0.3819877048101436	9.286948799015661	1.5877456868981638e-20	1.1898169241193114e-18	4.796666850137507	FALSE
Dpp10	10933.868173905168	5.762830070425417	0.41575361091252827	9.05062510982518	1.4215219662336679e-19	9.684118394966862e-18	6.629831792218189	FALSE
Gria1	1108.909110290587	5.839032354899448	0.43575974596544204	8.809974740539488	1.251740620871391e-18	8.201295106146436e-17	4.419839562319674	FALSE
Tmem150c	1031.5701083394433	5.861563128435736	0.3169738429518744	12.182592394609767	3.8485138446722583e-34	6.591954428231482e-32	6.3791206050418285	FALSE
Angpt1	1180.4254215559727	5.925246203055165	0.41996519783483066	9.346598773641563	9.051153454005716e-21	6.912314007231116e-19	4.957374002465898	FALSE
Vipr2	561.9114322437489	6.092810753115092	0.46773428275202317	8.750290290961976	2.128046138303557e-18	1.3644531122063984e-16	5.709702099480838	FALSE
D630045J12Rik	1716.5181649846763	6.107467285405047	0.34925273001447665	11.760730646929492	6.219373861031963e-32	9.093938121191859e-30	6.438106445320047	FALSE
Rgl3	636.8303745723957	6.190677770486139	0.4542400782137154	9.225689170726293	2.817432060878939e-20	2.0598177079230778e-18	7.617439024646038	FALSE
Fgf13	3297.0484778970326	6.201624982905308	0.2812502819265212	14.939096075299277	1.8344674295797543e-50	6.66523166080644e-48	5.427789952356646	FALSE
Ephb2	3171.312845598773	6.267881437139625	0.3560914265079958	11.985352972388377	4.2403432486347684e-33	6.8705021015041725e-31	6.750196575556116	FALSE
Dfna5	563.1390305553315	6.342272004450034	0.4567143128640881	9.507632850871994	1.95050313637661e-21	1.5385876713918127e-19	5.693071404851708	FALSE
Kcnb2	4047.427023158066	6.438382877088295	0.29657966306677314	14.965230020134657	1.2389480413781786e-50	4.642183442538863e-48	5.978059458112082	FALSE
Cdh4	2168.3505050075187	6.466279427857385	0.332737794181069	13.4228197276169	4.4447394537963343e-41	1.2393587453725128e-38	4.981319547708305	FALSE
Cgnl1	1058.4259109239547	6.5486227963363355	0.44571779443214105	10.205163117015395	1.880049822582263e-24	1.8942686867866668e-22	5.577501314944639	FALSE
Mitf	1458.3326756745705	6.5487579294880325	0.3485590716073886	13.050178004294438	6.339910048291824e-39	1.407694842204055e-36	5.488924690885576	FALSE
Tgfbr3	2326.9138677720834	6.591636537022619	0.27425717050589454	16.742083820645018	6.468357890843477e-63	4.081874269011226e-60	6.4055452941427715	FALSE
Kank2	783.2690315994686	6.707613429054252	0.4160594672158099	11.314760989713076	1.1090413293704553e-29	1.4612533559507427e-27	7.347695582615022	FALSE
Arhgap10	3125.519699164694	6.710726802401663	0.283113628878045	16.638996932326673	3.636587962781808e-62	2.1801344836876936e-59	6.273733788162248	FALSE
Ntn4	3238.5653359733083	6.7390306015047	0.30462777912016126	15.556790701071868	1.430963233776094e-54	5.9162928182673675e-52	7.655846281923034	FALSE
Daam2	2686.295557162091	6.74592580555017	0.3363295705966861	14.110938259548126	3.2522195538364277e-45	1.026160853960494e-42	7.343287635354715	FALSE
Prom1	1133.457323293966	6.8307533708940715	0.39268813295199195	12.301755427594383	8.862682271950085e-35	1.5860232901594254e-32	6.1200314823618385	FALSE
Ano3	3229.5850695613312	6.934474156974534	0.2993714054484816	16.482783816919014	4.878580080396966e-61	2.4372572984983176e-58	6.1804614481510685	FALSE
Clstn2	11435.119527122204	6.938067752209191	0.224379256396891	22.007683916531658	2.430974312008235e-107	7.286845500244684e-104	7.015890805097594	FALSE
Ncald	6281.548165418896	6.956569686975242	0.2737959098474478	18.103154607886285	3.009284775044756e-73	2.255082778299164e-70	6.615844331759123	FALSE
Pls3	421.815523180785	7.028763224492396	0.5639635087561601	8.91682377745237	4.798523656417555e-19	3.178690532621353e-17	4.96344486027265	FALSE
Adamts10	1441.5676766046224	7.212052977800652	0.3905829918246402	13.344290680585253	1.2788200659305713e-40	3.407345020112789e-38	8.323762022904107	FALSE
Epha3	4658.4506793797755	7.244678036537893	0.27986362948620275	18.740120129816493	2.331007366092133e-78	2.540798029040425e-75	6.595087538779889	FALSE
Ncam2	4393.286488075393	7.352702500643764	0.3271099584716141	16.36361829414698	3.478327520065312e-60	1.604044114060888e-57	6.106552600259436	FALSE
Ttyh2	870.02184270711	7.435489206385555	0.48060517770658395	11.309676754468917	1.1752167966466771e-29	1.5316140643253978e-27	6.971364939857644	FALSE
Trps1	2183.7181757994213	7.753012576240407	0.3728431293561093	15.43011557213275	1.0268616720437399e-53	4.104023815934814e-51	5.956659360751001	FALSE
Yes1	985.3127401723976	7.837277448941183	0.4855249927194229	12.022609621487502	2.702977826679739e-33	4.439548512587681e-31	6.435166797299101	FALSE
Ece1	1834.8187400344793	7.993757566795296	0.44156647164708424	13.573851167725708	5.7234048173020337e-42	1.7155905939862844e-39	6.857454445685287	FALSE
Fyco1	664.5974734592119	8.061382329947135	0.6257337625303094	9.686839184506256	3.4297893336384606e-22	2.8959981767834604e-20	6.1386617410063335	FALSE
Osbpl3	963.8818218246693	8.064799973477726	0.5425422981908095	11.178483214491722	5.197062342753772e-29	6.49091432183518e-27	5.314992089799599	FALSE
Ptprt	14156.806034437961	8.193852561428896	0.2639878050982095	23.46264653825445	9.820584950199693e-122	1.1774881355289433e-117	6.366466024092607	FALSE
Mbp	1089.6471108200296	8.404795769317529	0.5434505536795086	11.78542505100594	4.640730509444152e-32	6.955294851029422e-30	6.0389420657607005	FALSE
Wnt7a	628.0617286256911	8.455767704369357	0.6908703262760499	9.344398592377576	9.241316139877584e-21	7.012872184628621e-19	6.472975637318485	FALSE
Sema6d	1042.9749022582198	8.514576604093211	0.5984701768674858	10.885382189287736	1.3532976130682017e-27	1.622603838068774e-25	6.886406542902174	FALSE
Tbata	403.81283256612505	8.556959765865686	0.9219716010963962	7.111889084293093	1.144652388390766e-12	4.90156504885903e-11	7.234244879070403	FALSE
Heg1	1360.8972597067493	8.576241846975662	0.553352430644921	11.884364254641813	1.4271679988285432e-32	2.193813372558235e-30	6.66608579034035	FALSE
Chst15	810.1181073538676	8.823731537624052	0.7155680784185768	9.536103892035916	1.4829930407507216e-21	1.18540577057341e-19	6.023420810300555	FALSE
Cnksr3	6589.227589199321	8.88384867426931	0.3142906429835192	21.902811387961954	2.4423639797666296e-106	5.856788823480378e-103	8.885627098826056	FALSE
Plppr4	405.12360906768873	9.144966033197203	1.0602046215323453	6.739233057549185	1.592248316094402e-11	6.041473832269583e-10	6.014860022532348	FALSE
Cdh8	8305.053595642064	9.218303093767295	0.33264340882383997	21.699823000521068	2.0595398285521167e-104	3.086735318042485e-101	7.137156129246204	FALSE
Ybx3	431.3852610864106	9.239742294620708	1.069003248039312	6.772423103390301	1.266431212945396e-11	4.898229110714613e-10	6.910683223865067	FALSE
Nectin3	1081.4699292002563	11.562756100129562	1.4435252075555605	6.624585459316613	3.48224012249934e-11	1.2652139111747601e-9	6.053260487020752	FALSE
